45 ns
image 3097685 25818863 49562960 1652407168 0
pager 343559 48336737 5496932 3093587952 1
randa 18958197 33693476 303331076 2159904336 5
rtb   157611 3247408 2521776 207834176 0
strm  120472704 181656575 1927322448 3036086400 4274

70 ns
image 3090210 25802230 49443360 1651342400 0
pager 356750 48425523 5707992 3099270256 1
randa 18966045 33716215 303456692 2159785824 3
rtb   158369 3252444 2533904 208156480 0
strm  120158210 181182420 1922395756 3005911968 2124

100 ns
image 3090260 25805996 49444160 1651583808 0
pager 376787 48537053 6028572 3106420496 1
randa 18985008 33787481 303760048 2166006544 2
rtb   159080 3257973 2545280 208510336 0
strm  120212340 181360861 1923239104 3017356832 2077

200 ns
image 3124833 25889343 49997320 1656930272 0
pager 454516 48860368 7272220 3127137104 1
randa 19035751 33923076 304571932 2171248512 1
rtb   162992 3272147 2607872 209417536 0
strm  120408727 182349119 1925775860 3080568448 5667

400 ns
image 3159809 25982203 50556832 1663057200 3
pager 585215 49404259 9363404 3161946192 1
randa 19141335 34241101 306261152 2195173072 5
rtb   170021 3309067 2720336 211780352 0
strm  120740710 198553949 1931554816 4117665440 2042

800 ns
image 3234444 26163520 51751008 1674637040 3
pager 768679 50321621 12298836 3220645040 1
randa 19172342 34573668 306757236 2216481904 10
rtb   178624 3357068 2857984 214852480 0
strm  121453651 205266866 1942592488 252349344 20691