45 ns
image 3082644 25787999 49322304 1650432000 0
pager 348632 48512813 5578100 3104856880 1
randa 18963650 33734041 303418400 2158978624 0
rtb   156936 3262620 2510976 208807744 0
strm  120323930 181347728 1925017036 3016320256 3221

70 ns
image 3078986 25781627 49263776 1650024128 0
pager 364765 48612523 5836220 3111250448 1
randa 18984796 33826816 303756560 2168683328 5
rtb   157513 3265986 2520208 209023168 0
strm  120171045 181137408 1922611508 3003031328 2326

100 ns
image 3086865 25799461 49389840 1651165568 0
pager 397292 48772508 6356636 3121514128 1
randa 18989295 33821915 303828720 2164602624 0
rtb   158103 3273514 2529648 209504960 0
strm  120176878 181222374 1922709292 3008469024 1991

200 ns
image 3098693 25834031 49579080 1653390304 0
pager 483137 49158203 7730156 3146198608 1
randa 19056127 34054489 304897856 2183229888 5
rtb   162956 3291704 2607296 210669120 0
strm  120321369 181778902 1924854756 3044062432 2510

400 ns
image 3144174 25936495 50306688 1660131824 2
pager 619380 49814161 9910044 3188179728 1
randa 19123886 34339090 305982032 2201395280 9
rtb   171279 3336022 2740464 213505472 0
strm  120685066 187116109 1930137028 3385766208 5379

800 ns
image 3188085 26062086 51009256 1668181968 2
pager 702466 50800608 11239380 3251324720 3
randa 19124219 34645529 305987340 2221007408 5
rtb   186049 3397499 2976688 217440000 0
strm  121207568 203777115 1939013336 157017472 3455