45 ns
image 6850817 31961945 109612756 2046901472 9
pager 16321488 80748162 261142736 876852880 33
randa 27290672 47581644 436649992 3047936304 34
rtb   550354 3907582 8805568 250428704 0
strm  131278289 201118862 2099988760 4284616944 9949

70 ns
image 6688989 31712353 107023368 2030952304 16
pager 21804376 90842799 348868292 1524553584 75
randa 30884314 53461469 494148148 3424821792 31
rtb   973690 4986119 15578940 319467312 2
strm  134867635 207221983 2157368952 380875040 11200

100 ns
image 6948087 32065411 111168848 2053364000 23
pager 26631922 99238683 426108604 2064036560 75
randa 34564289 59590576 553027276 3818262160 46
rtb   1556165 5600329 24898584 358703248 5
strm  138094257 212968554 2208951764 749428720 10388

200 ns
image 7163569 32687378 114616508 2093672864 21
pager 40147866 123477449 642362476 3619500784 116
randa 19111316 34610385 305780924 2216512512 4
rtb   176968 3395348 2831488 217301952 0
strm  120464384 181997540 1927296304 3058067520 2053

400 ns
image 3167998 26021049 50687848 1665580112 2
pager 714807 52027334 11436876 3329871872 1
randa 19183482 35112209 306935536 2250948496 4
rtb   180180 3455113 2882880 221127296 0
strm  120901022 183617558 1933584396 3161748608 2082

800 ns
image 3205785 26185724 51292456 1676094800 2
pager 1039074 54090181 16625148 3461845008 1
randa 19398176 36145978 310370592 2313514304 5
rtb   193183 3571832 3090928 228597184 0
strm  121331212 203325585 1941243828 128119616 1944