45 ns
image 3083641 25789158 49338256 1650506176 0
pager 375334 48834700 6005308 3125494352 1
randa 18968447 33844243 303495044 2167543776 3
rtb   157516 3281747 2520256 210031872 0
strm  120125621 180963350 1921933460 2991854768 2147

70 ns
image 3084631 25795279 49354096 1650897920 0
pager 404208 48972368 6467292 3134305104 1
randa 19001332 33939293 304021152 2175857360 4
rtb   159027 3280713 2544432 209965696 0
strm  120135242 181013682 1922083544 2995137376 2046

100 ns
image 3088764 25807952 49420224 1651708992 0
pager 436575 49184960 6985164 3147910992 1
randa 19023872 34028852 304381788 2181613600 5
rtb   160663 3299306 2570608 211155584 0
strm  120162881 181119403 1922512184 3001866752 2072

200 ns
image 3107796 25843063 49724728 1653968352 0
pager 542179 49720908 8674828 3182211728 1
randa 19076920 34221713 305230636 2190361280 1
rtb   176501 3350645 2824016 214441216 0
strm  120279871 181511834 1924331564 3026982400 2059

400 ns
image 3134377 25918145 50149936 1658957424 2
pager 675550 50611267 10808764 3239194640 1
randa 19108458 34560438 305735168 2215598336 5
rtb   183457 3388265 2935312 216849024 0
strm  120612224 183263847 1928652040 3139111168 3124

800 ns
image 3182804 26062495 50924768 1668195888 2
pager 716750 51611796 11467956 3303240752 1
randa 19175218 35007950 306803392 2240815040 3
rtb   184247 3445941 2947952 220540224 0
strm  120995624 202025185 1935848492 44943040 1926